4294967279,373
4294967278,396
4294967278,395
4294967279,368
4294967279,377
979,193
4294967278,389
4294967278,386
979,180
979,179
979,192
979,178
979,177
979,176
4294967278,137
4294967278,252
4294967278,251
4294967278,249
4294967278,247
4294967279,353
4294967279,350
4294967278,219
4294967279,348
4294967278,311
4294967278,310
4294967279,347
4294967279,345
4294967279,341
4294967279,339
4294967279,338
4294967279,337
4294967279,336
4294967278,309
4294967279,334
979,175
4294967278,308
4294967278,307
4294967279,329
979,174
4294967278,305
4294967279,327
4294967279,325
4294967279,324
4294967278,304
4294967279,323
4294967279,322
4294967279,321
4294967278,303
4294967279,215
4294967278,302
979,173
979,172
979,171
979,170
979,169
979,168
979,167
4294967278,300
979,18
4294967278,288
4294967278,287
979,166
4294967278,223
4294967278,284
4294967278,280
4294967278,279
4294967278,278
4294967278,276
4294967278,275
4294967278,264
4294967278,261
4294967278,257
4294967278,256
978,114
978,113
978,112
978,111
978,105
978,104
4294967278,380
4294967278,379
4294967279,307
979,165
979,164
979,163
979,162
979,161
979,160
979,159
979,158
979,157
979,156
980,24
979,155
979,154
979,20
979,153
979,19
979,152
979,151
979,150
979,149
979,148
4294967279,332
4294967278,290
4294967279,318
4294967279,306
4294967279,305
4294967279,304
4294967278,378
4294967279,303
4294967278,377
4294967279,299
4294967278,376
4294967278,375
4294967278,374
4294967278,373
4294967279,298
4294967279,297
4294967278,392
4294967279,296
4294967279,295
4294967279,294
4294967278,442
4294967279,310
4294967279,293
4294967279,291
4294967279,290
4294967278,372
978,255
978,254
978,253
978,252
978,251
978,250
978,249
978,248
978,247
979,147
979,146
4294967279,289
4294967279,288
979,145
979,144
979,143
979,142
979,141
979,140
979,139
979,138
980,23
979,137
979,136
979,135
979,134
979,133
979,132
979,131
979,130
979,129
979,127
979,126
979,125
979,124
979,123
979,122
979,121
980,22
979,120
979,119
979,128
979,118
979,117
979,116
979,115
979,114
979,113
979,112
979,111
979,110
4294967279,285
4294967278,383
4294967279,364
4294967278,411
978,246
978,245
4294967279,247
4294967278,371
979,94
979,93
978,244
978,243
978,242
978,241
978,240
978,239
978,238
978,237
978,236
978,235
978,234
978,233
978,232
978,231
978,225
978,224
978,223
978,222
978,221
978,220
978,219
978,218
978,217
978,216
978,215
978,214
978,213
978,212
978,211
978,210
978,209
978,208
978,207
978,206
978,205
978,204
4294967278,368
4294967278,367
978,202
978,201
978,200
978,199
978,198
978,197
978,196
978,195
978,194
978,193
978,192
978,191
978,190
978,189
978,188
978,187
978,186
978,185
978,184
978,183
978,182
978,141
978,140
978,139
978,138
4294967279,282
4294967279,281
4294967279,280
4294967279,279
4294967278,366
4294967279,278
985,10
978,137
978,136
978,135
978,134
978,133
978,132
978,131
978,130
978,129
978,128
978,319
978,318
978,317
978,316
978,315
4294967278,365
978,314
978,305
4294967279,277
4294967278,363
4294967279,275
4294967278,361
4294967278,359
4294967279,274
4294967279,273
4294967279,263
4294967279,446
969,9
4294967278,357
4294967278,356
1023,319
1023,318
1023,317
1023,316
1023,315
1023,314
1023,313
1023,312
1023,311
1023,310
1023,309
1023,308
1023,307
1023,306
1023,305
1023,304
1023,303
4294967278,432
1023,302
1023,301
1023,300
1023,299
1023,298
1023,297
1023,296
1023,295
1023,294
1023,293
1023,292
1023,291
1023,290
1023,289
1023,288
1023,287
1023,286
1023,285
1023,284
1023,283
1023,282
1023,281
1023,280
1023,279
1023,278
1023,277
1023,276
1023,275
1023,274
1023,273
1023,272
1023,271
1023,270
1023,269
1023,268
1023,267
1023,266
1023,265
1023,264
1023,263
1023,262
1023,261
1023,8
1029,143
1029,142
4294967278,217
1023,7
1023,5
4294967279,444
1023,40
4294967279,227
4294967279,443
4294967279,442
4294967279,441
4294967279,440
4294967278,354
1036,7
4294967279,439
1023,260
1023,259
1023,258
1023,257
1023,127
1023,126
1023,125
1023,124
1023,123
1023,122
1023,121
1023,120
1023,119
1023,118
1023,117
1023,116
1023,115
1023,114
1023,113
1023,256
4294967279,438
4294967279,437
4294967279,436
1029,141
1029,140
4294967278,235
4294967279,435
4294967278,353
4294967279,433
4294967279,432
4294967279,431
4294967278,352
4294967294,474
4294967278,351
4294967293,131
4294967293,130
4294967293,129
4294967293,128
4294967293,127
4294967293,126
4294967293,125
4294967293,124
4294967293,123
4294967293,122
4294967293,121
4294967293,120
4294967293,119
4294967293,118
4294967293,117
4294967293,116
4294967293,115
4294967293,114
4294967293,113
4294967293,112
4294967293,111
4294967293,110
4294967293,109
4294967293,108
4294967293,107
4294967293,106
4294967293,105
4294967293,104
4294967293,103
4294967293,102
4294967293,101
4294967293,100
4294967293,99
4294967293,98
4294967293,97
4294967293,96
4294967293,95
4294967293,94
4294967293,93
4294967293,92
4294967293,91
4294967293,90
4294967293,89
4294967293,88
4294967293,87
4294967293,86
4294967293,85
4294967293,84
4294967293,83
4294967293,82
4294967293,81
4294967293,80
4294967293,79
4294967293,78
4294967293,77
4294967293,76
4294967293,75
4294967293,74
4294967293,73
4294967293,72
4294967293,71
4294967293,70
4294967293,69
4294967293,68
4294967293,67
4294967293,66
4294967293,65
4294967293,64
4294967293,63
4294967293,62
4294967293,61
4294967293,60
4294967293,59
4294967293,58
4294967293,57
4294967293,56
4294967293,55
4294967293,54
4294967293,53
4294967293,52
4294967293,51
4294967293,50
4294967293,49
4294967293,48
4294967293,47
4294967293,46
4294967293,45
4294967293,44
4294967293,43
4294967293,42
4294967293,41
4294967293,40
4294967293,39
4294967293,38
4294967293,37
4294967293,36
4294967293,35
4294967293,34
4294967293,33
4294967293,32
4294967293,31
4294967293,30
4294967293,29
4294967293,28
4294967293,27
4294967293,26
4294967293,25
4294967293,24
4294967293,23
4294967293,22
4294967293,21
4294967293,20
4294967293,19
4294967293,18
4294967293,17
4294967293,16
4294967293,15
4294967293,14
4294967293,13
4294967293,12
4294967293,11
4294967293,10
4294967293,9
4294967293,8
4294967293,7
4294967293,6
4294967293,5
4294967293,4
4294967293,3
4294967293,2
4243767290,0
4243767289,0
4243767288,0
4243767287,0
4243767286,0
4243767285,0
4243767284,0
4243767283,0
4243767282,0
4243767281,0
4294967293,0
4294967279,199
4294967279,200
4294967279,245
4294967279,84
4294967279,85
4294967279,86
4294967279,201
4294967279,202
4294967279,223
4294967279,203
4294967279,87
4294967279,89
4294967279,204
4294967279,90
4294967279,205
4294967279,399
4294967279,91
4294967279,401
4294967279,92
4294967279,206
4294967279,254
4294967279,207
4294967279,403
4294967279,93
4294967279,208
4294967279,94
4294967279,209
4294967279,405
4294967279,95
4294967279,210
4294967279,96
4294967279,211
4294967279,404
4294967279,97
4294967279,408
4294967279,98
4294967279,212
4294967279,225
4294967279,213
4294967279,272
4294967279,99
4294967279,214
4294967279,100
4294967279,352
4294967279,349
4294967279,101
4294967279,326
4294967279,102
4294967279,216
4294967279,406
4294967279,218
4294967279,220
4294967279,103
4294967279,222
4294967279,104
4294967279,105
4294967279,231
4294967279,106
4294967279,351
4294967279,302
4294967279,224
4294967279,233
4294967279,226
4294967279,228
4294967279,107
4294967279,230
4294967279,108
4294967279,109
4294967279,369
4294967279,110
4294967279,371
4294967279,372
4294967279,232
4294967279,354
4294967279,234
4294967279,236
4294967279,111
4294967279,237
4294967279,112
4294967279,113
4294967279,417
